3958.729105
3446.65828
3511.762093
3385.718213
3503.082581
4097.363796
3324.974811
3645.948777
3760.752249
3471.472284
3921.165201
3516.930741
3537.704606
3797.854877
3311.316879
3561.336771
3578.63157
3914.748059
3413.755603
3450.048687
3698.899299
3525.984858
3772.054404
3502.541163
3756.278817
3501.937187
3417.04535
3262.047739
3846.726484
3249.402429
3813.703939
3232.183455
3219.342652
2914.354712
3286.576422
3118.639334
2572.356493
2852.615343
3392.425156
2620.19945
1865.12227
2646.931023
2700.964631
2949.292892
2761.274233
2304.1556
2524.200378
2174.973539
2557.256281
2135.911018
1980.361319
2218.083499
2083.642301
1736.961072
2302.254026
1302.080911
1262.049673
1421.693815
1577.970856
1525.629752
1095.717478
1227.839415
1323.672997
1260.622948
1273.962412
1254.792824
972.003556
1034.933116
932.81737
1333.145844
1324.721964
1327.699731
1093.603819
605.884483
699.329054
673.12857
1123.780495
901.205442
889.367547
767.800649
385.514808
594.855993
619.365492
722.471878
669.843794
658.915561
659.908491
744.644631
713.348364
487.05801
612.238576
434.636482
804.908712
686.311786
857.205081
812.808936
701.645296
722.941991
594.218611
948.272078
663.067796
861.856658
575.633275
562.848655
580.327834
785.02969
422.674599
687.416574
746.230672
801.926253
792.970784
547.54579
1083.989164
676.097242
497.565446
801.02521
723.223255
629.463997
689.564862
768.153396
