2317.7801
2370.24144
4307.34394
3122.35828
2186.5088
1712.41096
3082.7828
3097.4841
2129.91758
2304.78124
1645.38324
1650.25888
1447.17718
2499.73454
1662.21902
1195.986
1317.24408
1325.81062
1447.9435
1138.91586
579.67408
304.57492
591.85726
923.07034
1134.72662
280.14264
442.5163
421.58928
480.82196
694.0619
373.84276
379.1908
200.9744
362.31074
195.54821
112.25516
96.18224
250.5983
138.43698
129.06648
209.62968
187.45538
220.64376
191.72052
93.73714
192.8985
131.11714
221.51666
127.50276
184.0387
263.87734
218.76692
212.13172
133.5341
106.6215
171.79502
211.21094
216.79152
159.88126
92.9987
276.12872
156.83856
118.1673
174.87512
276.67876
168.39056
225.92224
156.33604
181.33312
83.89664
292.20772
187.23732
253.2693
125.75208
24.25048
128.89756
107.04074
141.42088
226.6437
262.74476
168.43986
83.36546
114.27696
116.12146
109.45254
119.79542
91.5165
93.63308
124.62748
57.90256
