Benchmarks	system.cpu.cpi	system.cpu.dcache.overall_miss_rate::total	system.cpu.icache.overall_miss_rate::total	system.l2.overall_miss_rate::total
speclibm_0	2.678020	0.064164	0.000133	0.930702
speclibm_1	2.678059	0.064164	0.000094	0.930840
speclibm_2	2.643485	0.061769	0.000094	0.981745
speclibm_3	2.643485	0.061769	0.000087	0.981769
speclibm_4	2.638252	0.061370	0.000087	0.990787
speclibm_5	2.637369	0.061370	0.000087	0.990787
speclibm_6	2.633691	0.061370	0.000087	0.990787
speclibm_7	2.622492	0.060971	0.000086	0.999978
speclibm_8	2.622492	0.060971	0.000085	0.999983
speclibm_9	2.622492	0.060971	0.000085	0.999983
speclibm_10	1.989960	0.030487	0.000094	0.999965
speclibm_11	1.654384	0.015244	0.000077	0.999933
speclibm_12	1.654755	0.015244	0.000077	0.999927
speclibm_13	1.448311	0.003812	0.000085	0.999324
speclibm_14	NAN	NAN	NAN	NAN
speclibm_15	1.448311	0.003812	0.000085	0.999324
speclibm_16	1.448297	0.003812	0.000066	0.999710
speclibm_17	1.448297	0.003812	0.000066	0.999721
speclibm_18	1.448297	0.003812	0.000066	0.999721
speclibm_19	1.448297	0.003812	0.000065	0.999732
speclibm_20	1.659551	0.018766	0.000148	0.336726
speclibm_21	1.720031	0.026388	0.000185	0.111959
speclibm_22	1.448297	0.003812	0.000065	0.999732
speclibm_23	1.375911	0.001906	0.000052	0.999271
speclibm_24	inf	NAN	1	1
speclibm_25	inf	NAN	1	1
speclibm_26	1.375902	0.001906	0.000049	0.999378
speclibm_27	1.375902	0.001906	0.000049	0.999378
speclibm_28	1.375902	0.001906	0.000049	0.999378
speclibm_29	1.375902	0.001906	0.000049	0.999378
speclibm_30	1.375911	0.001907	0.000049	0.999335
speclibm_31	1.375911	0.001907	0.000049	0.999335
speclibm_32	1.375949	0.001906	0.000087	0.997858
speclibm_33	1.375949	0.001906	0.000087	0.997858
speclibm_34	1.375902	0.001906	0.000049	0.999378
speclibm_35	1.375946	0.001906	0.000049	0.999378
speclibm_36	1.375964	0.001906	0.000049	0.999378
speclibm_37	1.375977	0.001906	0.000057	0.999078
speclibm_38	1.375972	0.001907	0.000049	0.999335
speclibm_39	1.375972	0.001907	0.000049	0.999335
speclibm_40	1.376756	0.001907	0.000080	0.998051
speclibm_41	1.376011	0.001907	0.000080	0.998051
speclibm_42	1.675046	0.013258	0.000112	0.139875
speclibm_43	1.675046	0.013258	0.000112	0.139875
speclibm_44	1.659825	0.013258	0.000112	0.125646
speclibm_45	1.652126	0.013259	0.000112	0.118531
speclibm_46	1.518561	0.009451	0.000112	0.340536
speclibm_47	1.516162	0.009451	0.000112	0.335386
speclibm_48	1.448297	0.003812	0.000066	0.999710
speclibm_49	1.448297	0.003812	0.000066	0.999721
speclibm_50	2.620147	0.060971	0.000084	0.999982
speclibm_51	1.988655	0.030487	0.000082	0.999961
speclibm_52	1.653670	0.015244	0.000079	0.999922
speclibm_53	1.496619	0.007623	0.000069	0.999855
speclibm_54	1.448297	0.003812	0.000065	0.999732
speclibm_55	1.448297	0.003812	0.000066	0.999721
speclibm_56	1.448297	0.003812	0.000066	0.999721
speclibm_57	1.375911	0.001907	0.000057	0.999035
speclibm_58	1.375911	0.001907	0.000052	0.999185
speclibm_59	1.375919	0.001907	0.000057	0.998992
speclibm_60	1.375902	0.001906	0.000049	0.999378
speclibm_61	1.375902	0.001906	0.000049	0.999378


Benchmarks	system.cpu.cpi	system.cpu.dcache.overall_miss_rate::total	system.cpu.icache.overall_miss_rate::total	system.l2.overall_miss_rate::total
specbzip_0	1.712606	0.020113	0.000086	0.290914
specbzip_1	1.673547	0.016069	0.000086	0.367662
specbzip_2	1.673150	0.016069	0.000076	0.367686
specbzip_3	1.673150	0.016068	0.000072	0.367686
specbzip_4	1.637846	0.012480	0.000072	0.480988
specbzip_5	1.614752	0.012483	0.000072	0.404298
specbzip_6	1.594147	0.012480	0.000072	0.347032
specbzip_7	1.689497	0.017823	0.000076	0.328111
specbzip_8	1.675726	0.016517	0.000067	0.355205
specbzip_9	1.620835	0.010632	0.000066	0.562538
specbzip_10	1.620440	0.010632	0.000066	0.557439
specbzip_11	1.619719	0.010633	0.000066	0.552840
specbzip_12	1.648521	0.012451	0.000072	0.505775
specbzip_13	1.643754	0.011768	0.000055	0.404086
specbzip_14	1.608345	0.009572	0.000048	0.440055
specbzip_15	1.613029	0.009911	0.000036	0.366861
specbzip_16	1.628296	0.012295	0.000027	0.085113
specbzip_17	1.620015	0.012291	0.000027	0.075915
specbzip_18	1.620015	0.012291	0.000021	0.075899
specbzip_19	1.617176	0.012077	0.000021	0.077260
specbzip_20	1.845058	0.026440	0.000045	0.160151
specbzip_21	2.099350	0.032447	0.000165	0.159525
specbzip_22	1.617555	0.012077	0.000021	0.077652
specbzip_23	1.614145	0.011904	0.000021	0.078790
specbzip_24	1.614189	0.011904	0.000021	0.078786
specbzip_25	1.725585	0.013372	0.000016	0.035621
specbzip_26	inf	NAN	1	1
specbzip_27	inf	NAN	1	1
specbzip_28	1.717913	0.012985	0.000015	0.036885
specbzip_29	1.717947	0.012985	0.000015	0.036887
specbzip_30	1.717573	0.012985	0.000015	0.036707
specbzip_31	1.717567	0.012985	0.000015	0.036701
specbzip_32	1.833406	0.017526	0.000015	0.026998
specbzip_33	1.833769	0.017526	0.000015	0.027135
specbzip_34	1.718149	0.012985	0.000031	0.036937
specbzip_35	1.718149	0.012985	0.000031	0.036937
specbzip_36	1.717947	0.012985	0.000015	0.036887
specbzip_37	1.725772	0.012987	0.000015	0.043326
specbzip_38	1.831950	0.012978	0.000015	0.153061
specbzip_39	1.831950	0.012978	0.000018	0.153061
specbzip_40	1.848293	0.013822	0.000015	0.143905
specbzip_41	1.864867	0.014591	0.000020	0.136824
specbzip_42	1.546864	0.008789	0.000052	0.260241
specbzip_47	1.541780	0.009097	0.000039	0.165107

Benchmarks	system.cpu.cpi	system.cpu.dcache.overall_miss_rate::total	system.cpu.icache.overall_miss_rate::total	system.l2.overall_miss_rate::total
specsjeng_0	7.056530	0.121912	0.000020	0.998645
specsjeng_1	7.056086	0.121870	0.000020	0.999326
specsjeng_2	7.056053	0.121870	0.000019	0.999332
specsjeng_3	7.055731	0.121845	0.000019	0.999746
specsjeng_4	7.055338	0.121845	0.000019	0.999746
specsjeng_5	7.054478	0.121845	0.000019	0.999746
specsjeng_6	7.054221	0.121829	0.000018	0.999989
specsjeng_7	7.054338	0.121829	0.000018	0.999987
specsjeng_8	7.054502	0.121829	0.000018	0.999987
specsjeng_9	4.985786	0.060917	0.000012	0.999979
specsjeng_10	3.715485	0.030461	0.000008	0.999965
specsjeng_11	3.715483	0.030461	0.000008	0.999957
specsjeng_12	2.753630	0.007617	0.000005	0.999851
specsjeng_13	2.753630	0.007617	0.000005	0.999860
specsjeng_14	2.753630	0.007617	0.000005	0.999860
specsjeng_15	2.753630	0.007617	0.000005	0.999863
specsjeng_16	2.753630	0.007617	0.000005	0.999863
specsjeng_17	2.641057	0.003811	0.000003	0.999678
specsjeng_18	2.641057	0.003811	0.000003	0.999697
specsjeng_19	2.641011	0.003811	0.000003	0.999697
specsjeng_20	3.236172	0.019798	0.000009	0.625581
specsjeng_21	3.002167	0.014082	0.000008	0.371255


Benchmarks	system.cpu.cpi	system.cpu.dcache.overall_miss_rate::total	system.cpu.icache.overall_miss_rate::total	system.l2.overall_miss_rate::total
specmcf_0	1.102247	0.003205	0.000034	0.541138
specmcf_1	1.099705	0.002586	0.000034	0.667579
specmcf_2	1.097279	0.002198	0.000034	0.788200
specmcf_3	1.097201	0.002198	0.000029	0.790158
specmcf_4	1.095253	0.002198	0.000029	0.732935
specmcf_5	1.093063	0.002198	0.000029	0.678286
specmcf_6	1.091023	0.001907	0.000019	0.782270
specmcf_7	1.095318	0.001865	0.000019	0.923510
specmcf_8	1.094928	0.001858	0.000019	0.921726
specmcf_9	1.094928	0.001858	0.000019	0.921726
specmcf_10	1.077225	0.001084	0.000013	0.862356
specmcf_11	1.072008	0.000721	0.000009	0.735622
specmcf_12	1.071926	0.000704	0.000009	0.753816
specmcf_13	1.075348	0.000888	0.000009	0.683241
specmcf_14	1.096914	0.000666	0.000005	0.119267
specmcf_15	1.097040	0.000679	0.000005	0.116840
specmcf_16	1.097040	0.000679	0.000005	0.116840
specmcf_17	1.097112	0.000685	0.000005	0.115868
specmcf_18	1.097112	0.000685	0.000005	0.115868
specmcf_19	1.098218	0.000677	0.000003	0.058047
specmcf_20	1.557152	0.026082	0.029449	0.006524
specmcf_21	1.744485	0.028690	0.029943	0.004850

Benchmarks	system.cpu.cpi	system.cpu.dcache.overall_miss_rate::total	system.cpu.icache.overall_miss_rate::total	system.l2.overall_miss_rate::total
spechmmer_0	5.618177	0.057371	0.100696	0.890215
spechmmer_1	3.675353	0.019356	0.036706	0.915751
spechmmer_2	5.589006	0.053120	0.100885	0.913097
spechmmer_3	5.589006	0.053120	0.100204	0.917589
spechmmer_4	5.589006	0.053120	0.100204	0.917589
spechmmer_5	5.589006	0.053120	0.100204	0.917589
spechmmer_6	5.505899	0.052221	0.093216	0.968831
spechmmer_7	5.505899	0.052221	0.093216	0.968831
spechmmer_8	5.505899	0.052221	0.093216	0.968831
spechmmer_9	4.430572	0.036066	0.066544	0.955166
spechmmer_10	3.867043	0.025484	0.048823	0.944751
spechmmer_11	3.675353	0.019356	0.036706	0.915751
spechmmer_12	3.703423	0.019356	0.037886	0.896057
spechmmer_13	3.874604	0.016010	0.027341	0.886256
spechmmer_14	3.874604	0.016010	0.027341	0.886256
spechmmer_15	3.874604	0.016010	0.027341	0.886256
spechmmer_16	3.874604	0.016010	0.027341	0.886256
spechmmer_17	4.569107	0.011765	0.021277	0.830303
spechmmer_18	4.540499	0.011765	0.021077	0.835366
spechmmer_19	4.540499	0.011765	0.021077	0.835366
spechmmer_20	4.540499	0.011765	0.021077	0.835366
spechmmer_21	4.540499	0.011765	0.021077	0.835366
spechmmer_22	4.570098	0.012500	0.021077	0.815476
spechmmer_23	4.570098	0.012500	0.021077	0.815476
spechmmer_24	4.751916	0.011765	0.030297	0.652381
spechmmer_25	4.751916	0.011765	0.030297	0.652381
spechmmer_26	4.540499	0.011765	0.021077	0.835366













